Mixture	B cells naive	B cells memory	Plasma cells	T cells CD8	T cells CD4 naive	T cells CD4 memory resting	T cells CD4 memory activated	T cells follicular helper	T cells regulatory (Tregs)	T cells gamma delta	NK cells resting	NK cells activated	Monocytes	Macrophages M0	Macrophages M1	Macrophages M2	Dendritic cells resting	Dendritic cells activated	Mast cells resting	Mast cells activated	Eosinophils	Neutrophils	P-value	Correlation	RMSE
11232_H02_E1_PNS	0	0.183008338938956	0	0.0751090527067829	0	0.436328158545527	0	0.0246060639078336	0	0	0.138823688992211	0	0.035265561516838	0	0.0231079395293459	0.019804088021423	0.00414603738611255	0.0161367723454665	0.013603685056856	0.0167140286998571	0	0.0133465843527902	0	0.353982959916397	0.943852267659032
11237_H03_E1_PNS	0.0118960109811866	0.140932865434898	0	0	0	0.293123920034555	0	0.0796681124254324	0.000673331127999923	0	0.121135223630801	0	0.0518519965837229	0.0406229154881254	0	0.0109129945633093	0.0136621055892655	0.0837357551474199	0.109720394169007	0	0.0397115860603495	0.00235278876392817	0	0.321980798052163	0.948912276656656
11240_H04_E1_PNS	0.0376618146651394	0.178671113273263	0.0145252851293063	0.0699763450085121	0.115997110514446	0.260713381077198	0.0850755680608362	0.00303255870276545	0	0	0	0.0357448322898919	0.0281427741965842	0.0166160660010191	0.00350594899191388	0.0351433198949741	0	0.0394576901117542	0.0751284593674969	0	0	0.000607732714899061	0	0.533659979735389	0.851506491000732
11248_H05_E1_PNS	0.0363201251306971	0.130881117204766	0.00295558717695226	0.0320455222345289	0	0.484742830491743	0.00260967726021246	0	0	0	0.0700917709441621	0	0.0183517640879806	0.0477258787920996	0.011829396678475	0.080686626876439	0.00649614578768747	0.0545996735245372	0.0173169134920638	0	0.00334697031765469	0	0	0.350697077978344	0.940736106596936
11250_H05_E2_PNS	0.0405076248889269	0.161379596808804	0	0.0363993269762192	0	0.460601470216127	0	0.0321814663743937	0	0	0.0129035542993898	0.0318224584701756	0.0155231563820735	0.0462895544289703	0.00384009971802776	0.0543087727477512	0	0.0791122585015852	0.0251306601875558	0	0	0	0	0.382359500648186	0.925940047991692
10517_A34_E1_NAT	0	0.107031295757344	0.00667450403672537	0.277446402875284	0.000122538829989464	0	0.114219107740212	0.114744033768735	0.0036762505713787	0	0.116354879655197	0	0.0183064025986534	0.0150443905181978	0.0943826799781349	0.0391569345110684	0.00719862380583673	0.00411489803562245	0.0813502423634567	0	0	0.000176814954164579	0	0.297767822882655	0.965288276027614
10544_A10_E1_NAT	0.09330299334525	0.100104618933955	0	0.31025097643618	0	0	0	0.0680283764761243	0.000687717416157452	0	0.0476152759900846	0.00597325101814198	0.00349561207651264	0.0416482549989244	0.0648492385262033	0.0644537612503654	0	0.0552768608816799	0.0838148494374797	0	0	0.0604982132129417	0	0.418583498604282	0.907462624513008
10204_A35_E1_NAT	0	0.144107341942939	0.0288605387009163	0.206595165414171	0	0.185295730443473	0.00191946350888215	0.00925601400763891	0	0	0	0.0529990134324884	0.0433498853651736	0.149843498563868	0.0814616057104829	0.0639002803713681	0	0.000901912007889691	0.0178689836084971	0	0.000172340269959437	0.0134682266522524	0	0.353314380511365	0.937664997394553
10602_A94_E1_NAT	0	0.143496154702065	0.0111907336111321	0.0262737438817586	0	0.308412001317336	0.00326109538850031	0.0615999449445703	0.00868338113956837	0	0	0.0422890454199161	0.0050211267326839	0.0669799539717446	0.0508855985642155	0.0733338815675128	0.0152694169491292	0.00420015271083021	0.155515693724329	0	0	0.023588075374708	0	0.306196551129534	0.954873053921026
10234_A82_E1_NAT	0	0.0729309435845975	0.017313513745749	0.134082772533925	0.0675006310022963	0.0945530242658442	0.166258853318178	0	0	0	0	0.0427303733506149	0	0.0889807928982836	0.0141743067311417	0	0.00343338319416852	0.104958891291287	0.122201523475647	0	0.00477997684219217	0.0661010137660755	0	0.298465227458288	0.957070350109359
10187_A08_E1_NAT	0	0.0786348836181826	0.0162740455086717	0.174322094688201	0	0.148394989270184	0.00336961199786104	0.0938030806449403	0.00566322017677264	0	0	0.117448345919222	0.0395714019790878	0.0843756188807003	0.0959238898980873	0.00711863776051627	0	0.0442364623635278	0.0729644722340608	0	0.00089334356205126	0.0170059014979328	0	0.309389438231656	0.957780854383165
10528_A42_E1_NAT	0	0.0317643479253469	0.0180682013286891	0.231021427050557	0	0.0660535711473195	0.0130622496241493	0.255675410178208	0	0	0.0471467182823647	0	0.0260080138063806	0.0557924670626097	0.0231702822059013	0.0355902796196502	0.0172149192130125	0.0183456716331364	0.124430035569003	0	0.030955908476594	0.00570049687707783	0	0.33565015535373	0.946258980047332
10868_A35_E1_NAT	0	0.172606798332502	0	0.103342740541242	0	0.430485594287037	0.000736213689462674	0	0	0	0.0730085779297173	0.0378603036042666	0.0398832466750712	0.0474350605239789	0.0213150848877903	0	0.00133741986623853	0.0296158505646222	0	0.0423731090980711	0	0	0	0.295875017903162	0.9707389995721
10208_A39_E1_NAT	0	0.1774126152293	0.0148307375444162	0.00902057978115713	0	0.295938575188595	0.0088319634001752	0.0397981464642906	0	0	0.197955282878934	0	0.0123347781216089	0.0421712364461257	0.000279913690990585	0.009991992332145	0	0.10083165131374	0	0.0359982176161178	0.0534567426441509	0.00114756734825167	0	0.318711962781995	0.955348243227042
10219_A52_E1_NAT	0	0.119718751530624	0.0273595070068314	0.176335002934898	0	0.177340041741224	0	0.138751226948758	0	0	0	0.153404242978322	0.0184033555447796	0.0381821279651556	0.0181764067185216	0.0380677992038328	0	0.0529522495808615	0.0412277619311732	0	8.15259150176597e-05	0	0	0.284909900825795	0.974293642577558
10238_A86_E1_NAT	0	0.251043677611683	0	0.103782432057421	0.0588213750878726	0	0	0.052162009737901	0.0184509695576607	0	0	0.0665130513346164	0	0.213349340331534	0.0327483837265228	0.0487967627768653	0	0.030301289310811	0	0.110285013936439	0.00220450253554977	0.0115411919951228	0	0.634248572672801	0.79777171852641
10466_A55_E2_NAT	0	0.107388291406884	0	0.296769426495512	0	0.149851573386633	0	0.0600389014247675	0	0	0.0311405676527236	0.0590054530717379	0.0369883717992955	0.068661638475908	0.13724204275116	0.018958534125914	0.0143334359182682	0	0.00336805625068544	0.00361553677377568	0.0126381704667352	0	0	0.399916932835055	0.919555465722201
10200_A28_E1_NAT	0	0.0888169573390441	0.0309381825616781	0.150958812064195	0	0.0776176769219756	0.0832059216429338	0.203781121486302	0	0	0.0470906775170419	0.0160611991953123	0.0182896676242205	0.0656747021796827	0.0800174498829309	0.00318384998750199	0	0.0838963008825119	0.00534128139796216	0.00469342916040066	0.0384044596645565	0.00202831049175011	0	0.259072890956368	0.979570559910185
10230_A68_E1_NAT	0	0.194888836864992	0	0.0794393387702182	0.0232019833191021	0.109484334773842	0	0.0841885418416231	0	0	0	0.142586987706619	0.0242010020664675	0.0533281418027741	0.0497543383829684	0.0186050685508642	0	0.140907884434611	0.0256080546171594	0	0.0233211951720297	0.0304842916967299	0	0.600405913387758	0.817413660005514
10536_A26_E1_NAT	0	0.154073140940292	0.00226431801847958	0.0996279720690488	0.065257367970026	0.131461331296128	0	0.020369365420492	0	0	0	0.118383656858295	0.0221420197322289	0.0981638836021145	0.0745424587328458	0	0	0.0987297363230453	0	0.0642996608030984	0.00937825478893461	0.0413068334449713	0	0.460476812012783	0.887601197132987
10226_A63_E1_NAT	0	0.042433361084626	0.0217343485333248	0.209264005972393	0	0.275318326648564	0	0.0216681199183045	0.0119665473834256	0	0	0.202127434305939	0.0122147145551245	0.00746640219490459	0.1240966139907	0	0.0167973791770595	0.00843164605442138	0	0.0224861458981484	0.0165717960255257	0.00742315825753944	0	0.366078212229792	0.94473385962024
10183_A05_E1_NAT	0	0.115934231210118	0	0.111802051287947	0	0.0785766206849087	0.134303277689782	0.0606658997745479	0.0111195540787107	0	0.0750022749499617	0.00728026112670809	0.0380207503798183	0.123928575522934	0.0648744439231307	0	0	0.0653888395342165	0	0.10300061054787	0	0.0101026092893462	0	0.278903242955937	0.965888225052889
10524_A31_E1_NAT	0.0203052221325279	0.0847260256140187	0	0.0534197042806361	0	0.281266857456871	0	0.0815521705791975	0	0	0.0466600944568179	0.032177762522467	0.0190309107900323	0.0589109817409778	0.0776402162414324	0	0	0.0567923815261457	0	0.0991808016538279	0	0.0883368710050475	0	0.335411309820312	0.944841670102029
10509_A03_E1_NAT	0.149392773708795	0.207429984666	0	0.150251444447801	0	0.0946933670831387	0.0364348049703625	0.0294499583846817	0.0111680671198543	0	0.0482122801358472	0.00385176613423742	0	0.130541334359793	0.0626871745414694	0.0232555573907424	0	0.0253679451062947	0	0.0190655682912405	0.00819797365974268	0	0	0.579474601359661	0.820491727011092
10215_A49_E1_NAT	0	0.116607073176483	0	0.104931898877788	0	0.174729687969317	0.0509054510829783	0.0242851948434868	0.0259512375929679	0	0.00327999239921425	0.0658059383454839	0.0668202893469134	0.124479489189358	0.0626575092903984	0.0240379458955879	0.0744685496719372	0.0574125996868297	0.0114927102780168	0	0.0121344323532393	0	0	0.342980623214804	0.939521346158344
10501_A67_E1_NAT	0	0.129682793097011	0.0198492005834196	0.121171386975686	0	0.0479925735036885	0.00263749015457364	0.124503227814836	0	0	0.0396256327860435	0.0624281619392952	0.00787279960971346	0.117630607869272	0.164669701700422	0.0349289254476439	0	0.0578237273507952	0	0.0522775405568372	0.00410104561649946	0.0128051849942637	0	0.334783297470432	0.949586928224373
10181_A05_T2_TUM	0	0.0624558855039781	0.0196368079942512	0.225198614044565	0.0123402839138359	0.0764587707596546	0.135207551264682	0.0141813128680669	0.0128872638112656	0	0.0795027125766781	0.0135238863063004	0.0538458373840991	0.0473366464550402	0.108737386011653	0.028404164660067	0	0	0	0.107075938619625	0	0.00320693782623762	0	0.198651810482817	1.00437007818916
10188_A11_T1_TUM	0	0.169285792997831	0	0.192240875561595	0	0.253177506651401	0.0375291932411869	0.0179653414521795	0.0067470186281295	0	0.108729153567005	0	0.0514630243564975	0.00673607432174385	0.0640730877567414	0.00729774373075034	0	0.0178009076382844	0.0669542800966548	0	0	0	0	0.490751731021762	0.870966368525304
10195_A17_T2_TUM	0	0.034824947493694	0.000553642766568703	0.0777553702697897	0.0907367379463307	0.101699490651459	0.0428232618825647	0.0223534631439898	0	0	0.0386374593269397	0	0.0198965722796232	0.176657171355418	0.21604210011104	0.0204831656121468	0	0	0	0.145584330897937	0.00506745113875628	0.00688483512374327	0	0.569425252928808	0.824384334315128
10206_A39_T2_TUM	0	0.129719642953898	0	0.168708658988672	0	0.186673735121067	0.0579117477283429	0.0991345626259248	0.0214863498748592	0	0.0293683689522008	0.0556109453504469	0.0331163994130829	0.0731726317015295	0.0458808818763887	0.028566733105695	0	0.00667280054593326	0	0.0571527583971684	0.00243404010816808	0.00438974325662306	0	0.353435802899181	0.93752613673317
10210_A40_T2_TUM	0	0.165945722362497	0	0.232972552561222	0	0.0583329001434327	0	0.0471396735795235	0.0149410637952116	0	0.0586096020932545	0.0632164179175123	0.0964079997255544	0.128478749073904	0.0428372572999187	0.00664783021533851	0	0	0	0.0844702312326306	0	0	0	0.369813538783346	0.930141184650982
10223_A63_T1_TUM	0	0.0533172552906702	0	0.329002955687239	0	0	0.129966357666961	0.0719027512107063	0	0	0.0177192644913325	0.10844246222836	0.0232480693222205	0.0375829954555924	0.0719191292973314	0.0446815257561354	0.0131374760654118	0.00610827252519796	0	0.0819339158340951	0.0110375691687461	0	0	0.41742375252744	0.908684988929622
10265_A64_T1_TUM	0.0887240639541655	0.178161864026657	0	0.175709119593682	0.0731523440136173	0	0.0371858357815768	0.0883644006762652	0.00387856641865903	0	0.0519582151710758	0.0346493088346099	0.0129344424253011	0.00985173127921537	0.188193543788069	0.0452348400161048	0	0	0	0.0120017240210005	0	0	0	0.711574093848924	0.731448582034654
10299_A59_T1_TUM	0.0235947627587981	0.0684783819559878	0	0.0913609545579311	0	0.185466047206173	0.0445273828314174	0.205112296232394	0	0	0.0640186224953719	0	0.0186011921304461	0.0470776443551564	0.123734734293142	0	0.0634031051651597	0.00327874592004242	0	0.0488719032551712	0.00687583107095054	0.00559839577185809	0	0.349439093721339	0.939667757507731
10309_A45_T1_TUM	0	0.149506488267198	0	0.0633068614258041	0	0.11373058603241	0.14928474552722	0.0572164783506867	0	0	0.155947371287436	0	0.023902311452828	0.0293675396522761	0.15850589985806	0	0	0.0776196292894573	0	0.0146515610766098	0	0.00696052778001382	0	0.482889846102516	0.874920730922011
10319_A76_T1_TUM	0	0.220125953905605	0.00780295048449646	0.109206226873968	0	0.0806539575386721	0.05724827306739	0.141935909237273	0	0	0.00959090846763592	0.110792840136953	0.0312816928536576	0.0557681741807465	0.106655414577291	0.0133211067437147	0	0.0206778205581984	0	0.0065502333306423	0.0283885380437563	0	0	0.38515232021868	0.923731647068093
10488_A16_T2_TUM	0.0183669633204618	0.0207722086666119	0	0.104384605968724	0	0.202121521718267	0.0356774112022604	0.0739286674391694	0.00229732053987625	0	0.0689559477156986	0	0.0264855219895814	0.109058447308039	0.107524511777428	0.0355670500500813	0	0.048749724680254	0	0.146110097623547	0	0	0	0.144085714194195	1.02849595832073
10491_A47_T2_TUM	0	0.135341422490803	0	0.211570886776316	0.00864563761739744	0.127033060930369	0.0727091057260926	0.0696735095596668	0	0	0.0655411539411662	0.00291829267291274	0.0218722854754757	0.13941130546964	0.0606012411135611	0.0225688796633942	0.00493132996409239	0.0184160150130808	0.0266301197325126	0.0121357538535199	0	0	0	0.444942981915484	0.894964816646235
10495_A71_T2_TUM	0	0.256020154206055	0	0.264546214672412	0	0.150144584544075	0	0.103432111010803	0	0	0	0.0911141139429574	0.0310343486302554	0.0097239586859207	0.0113145097744954	0.0346935746106501	0	0.0220427830731517	0	0.024150525059573	0.00178312178965069	0	0	0.530141052477525	0.847767613668505
10497_A60_T2_TUM	0	0.0750878515105173	0	0.191148343622896	0	0.0852694362314704	0.0114896669125756	0.0801363288068906	0	0	0.00163825949718471	0.0367916401126224	0.0352767486014428	0.130050710977682	0.180160447099877	0.022905765839653	0	0.0133654051739101	0	0.136679395613278	0	0	0	0.467530080719103	0.883205258047047
10502_A51_T1_TUM	0.0371285283113645	0.0910200313724293	0.0171055009913488	0.148389300346543	0.0461296777173412	0.1630880358806	0.041576836912995	0.0442813711589636	0.010481363797881	0	0.0186930808272302	0.0030651948434613	0.0151521529169262	0.105037371680119	0.110393176272942	0.0240638395462163	0.000795429670875038	0.0091748940921965	0	0.0993201438080941	0	0.0151040698524731	0	0.390139116748753	0.920278401162335
10514_A34_T1_TUM	0.0288075715776263	0.0822750249006727	0	0.287355008978686	0	0.113586361490289	0.108339379458509	0.0612471593946554	0.00644924886823634	0	0.0807275002454917	0	0.0137844016531121	0.108683550661949	0.0714942685125537	0	0.0268185092802252	0	0.0104320149779928	0	0	0	0	0.479806692417299	0.876818965383456
10541_A10_T1_TUM	0	0.145207618483242	0	0.142547735796732	0	0.232988977267964	0.072669996097907	0.0612357429840631	0.0104295407388465	0	0.00842022884283833	0.0221559409749548	0.0372713186323955	0.0560474901906442	0.158618989213476	0.0380803398923548	0	0	0.0128750780950098	0.00145100278957257	0	0	0	0.256416931273572	0.98542352301427
10213_A49_T2_TUM	0	0.0894414528728878	0	0.198792796925132	0.00122554458622071	0	0.0183634482832141	0.0384736708859096	0	0	0	0.0934590225331589	0.0234224876036033	0.167496412643838	0.251353067502911	0	0	0.0552122073093062	0	0.0627598888538182	0	0	0	0.621007712846985	0.786843451015794
10236_A86_T2_TUM	0	0.181941888029425	0	0.176764441797168	0	0.0564462739984359	0.0044852173185645	0.0695225983387183	0	0	0	0.0817380699549829	0.0122675218840361	0.13940146672652	0.113593720862829	0.0533588220271718	0.0334083755631092	0	0	0.0656819560787076	0.0113896474203316	0	0	0.367355576011966	0.930767610317581
10271_A72_T1_TUM	0	0.144256332347829	0	0.133259788310927	0	0.184370704895122	0.0368729922645509	0.0644136733705465	0	0	0.102115008410471	0	0.0204558745952668	0.166354681577205	0.0876619803710678	0	0	0.00825545349125577	0	0.051983510365758	0	0	0	0.442418214490164	0.895940101284391
10307_A20_T1_TUM	0.00318810527913413	0.0942626357909933	0	0.338622977586883	0	0.006985151006921	0.045608732915407	0.144278101950909	0	0	0.028449926370274	0.0535219409242736	0.020779783315141	0.0342740830763997	0.0847945741385444	0.0900144808177956	0.00435762984852072	0	0.020734552771349	0	0.0301273242074547	0	0	0.3422098485444	0.945225896105015
10327_A71_T1_TUM	0.0313636702174523	0.206508306201241	0	0.171081752064229	0.0184250334694294	0.0352415558862959	0.221516910167261	0	0	0	0.0348374301370597	0.00862388603297989	0.00566707993357725	0.0821739484048667	0.051617625384953	0.0541221649265312	0	0.0338306246129779	0	0.0383497048478914	0.0061371559841993	0.000503151729054824	0	0.557781096499941	0.843344656796182
10467_A27_T2_TUM	0	0.0665691530238176	0.0143490788830209	0.207519595196965	0	0.151137433387327	0.0183351231507652	0.0835649791764758	0.0245537419644389	0	0.0394536125968788	0.0503749819373404	0.0158882297944602	0.178156870489543	0.0938796312065815	0.0445251278254223	0	0	0	0.00746911495744598	0.00422332640951739	0	0	0.327008014314444	0.952215274131452
10485_A18_T2_TUM	0	0.125364139051754	0	0.305281634109363	0	0.132983146857283	0.100054186099286	0.0484503209595786	0	0	0.0327230297606114	0.0222604673304401	0.0153017531446471	0.0439796320093764	0.0562122767748341	0.0548401767918354	0.0201600128381504	0	0.041898394730434	0	0.000490829542406342	0	0	0.320926902684714	0.954097430069634
10490_A29_T2_TUM	0.0106132909953868	0.0541051704140865	0	0.0536014551209648	0	0.235134340749735	0.0136367735785629	0.0835994430423801	0	0	0.00544271053978026	0.108396872724104	0.0203871945017424	0.144909720244524	0.116727558116959	0.033155468432684	0	0.0269942062461297	0	0.0932957952929609	0	0	0	0.396723697221052	0.917703389157748
10522_A31_T2_TUM	0	0.114268471885399	0.0046499586484478	0.0984608527142414	0	0.31388550047348	0	0.0265577642714201	0	0	0.000862072286300642	0.0437351684660695	0.0307750654915399	0.00580300653392472	0.0653648075736286	0	0	0.0793339900486514	0	0.194022497722398	0.00753572244838689	0.0147451214361121	0	0.377507506052434	0.926736289788113
10534_A26_T2_TUM	0.0211747187671128	0.257374563711407	0	0.127213077890203	0.0311998941083757	0.10617705341318	0.0116397120344783	0.0746069276869578	0	0	0.0128054345382749	0.0444348650706359	0.0214912224207592	0.0729389158410702	0.142032196385009	0.0163588898793227	0	0	0	0.0605525282532141	0	0	0	0.748216531240277	0.722071861268035
10542_A10_T2_TUM	0	0.191617515552673	0.0188998960219048	0.144416866836761	0.075214832809326	0.157465680007979	0.0437675377377213	0.0254137094397237	0	0	0.00223744976540734	0.0644700691659426	0.0326782812734771	0.0182528259504741	0.10883116766294	0.0432569051501044	0	0.00263818753032477	0.0708390750952416	0	0	0	0	0.369021104340869	0.930672614754823
10549_A79_T1_TUM	0	0.199782470159801	0	0.146924237509282	0.064830869282703	0.136968562612556	0.119970159015758	0	0	0	0.0197676284637984	0	0.0226783506913601	0.0939412328818014	0.0565619991007936	0.0442864449963348	0	0.0438397193639488	0	0.0237202618515917	0.0267280640702711	0	0	0.351814847026924	0.936703914322547
10554_A35_T1_TUM	0.021897144224728	0.175528262130255	0	0.176472677369212	0	0.187633385613568	0.0253199140789768	0.0913658542135985	0	0	0.0149073537689586	0.0275679966753152	0.0226434142939251	0.0919549076149904	0.0996727581196475	0.0239322304319064	0.0255124095878603	0	0.00878461395682719	0	0.00680707792023144	0	0	0.355282564596244	0.937647536509761
10599_A94_T1_TUM	0.112079444790104	0.453930904516309	0	0.0356443090954181	0	0.0354556006289301	0.0166501709294016	0.189392648053245	0.00868076476022744	0	0.00986784148539491	0	0	0.069830795911168	0	0.051969355951155	0	0.0091284187154461	0.00736974516320009	0	0	0	0	0.767542962687266	0.660640504637044
10605_A71_T1_TUM	0.010305035453511	0.0356004030945436	0	0.108068943647655	0.0713273149223246	0.0969329621403101	0.0547604949525592	0.0241565288976813	0	0	0	0.119108069611009	0.0224352349895398	0.0626354757858971	0.0646168854118295	0.0220914744770679	0	0.169151004596404	0	0.113678734865077	0.0146334022558361	0.0104980348987547	0	0.423347020665739	0.905120610196004
10180_A05_T1_TUM	0	0.112285803783082	0.0179772921800252	0.0942308580971787	0	0.160881624677161	0.0761249919992372	0.0654402406092354	0.0184671039547825	0	0.0467732588619849	0.0322240155732857	0.0568776922747404	0.0646417743512271	0.137046925918311	0.0160926123100416	0	0.0303429910672528	0	0.0633678460205319	0.00514993007553428	0.00207503824638845	0	0.248327248326379	0.982611401013894
10192_A12_T2_TUM	0.0285514555645159	0.0980127591698921	0	0.123315832225865	0.00198806951474929	0.0901476670096955	0.173920754034515	0.0655237647105121	0	0	0.0595244583947237	0.00635754332641551	0.00536472017322752	0.147531015488211	0.0407707554468556	0.0509747343898761	0	0.00952777749636898	0	0.095808592091032	0	0.00268010096354464	0	0.674320524672219	0.789899726647311
10198_A28_T2_TUM	0	0.0934041556417007	0.013407966581505	0.104076835627919	0	0.340375777518585	0	0.125134548816454	0	0	0.0816299938138432	6.18815768663846e-05	0.0150786290630186	0.0644148610220366	0.0811803799398971	0.0497404965339892	0	0.0216330370097307	0.00339287713636957	0.00238755678378348	0.00375798461744657	0.000323018316855464	0	0.266594394974319	0.982504747072252
10217_A52_T2_TUM	0	0.124545007066636	0.00356319402271126	0.105580069836411	0	0.0685892731838828	0.0170897110466973	0.0882072657927011	0.0025448796524005	0	0.0566928551842375	0.0904507413132803	0.0437555386749874	0.111795948973649	0.0927928815896954	0.0284517962405824	0	0.0715424802374901	0	0.076201447447145	0.0139974110307561	0.00419949870673654	0	0.460782087682797	0.887653806592574
10231_A82_T1_TUM	0.0591435997973056	0.133438987764816	0	0.089324316235298	0	0.0627458357957902	0	0.138745036702828	0.0155894972633622	0	0.00037487671597446	0.0660649212619313	0	0.192854359346186	0.143133610669121	0.0196075426612944	0	0.0383730750443007	0	0.039485749459222	0	0.00111859128257016	0	0.607668996930722	0.807885612490251
10272_A88_T1_TUM	0	0.207800372923876	0	0.134374790396203	0.0249141648390789	0.0868341110109645	0	0.0479812974056749	0.0337106709816381	0	0.0861566024114592	0.0239196922263987	0	0.14188226039609	0.0968083587422778	0.019519368688283	0	0.0104894613276009	0	0.0770625640843676	0	0.00854628456608713	0	0.533889542781673	0.850569376189397
10288_A01_T1_TUM	0	0.228130903058423	0	0.127901148406758	0.0296227925096381	0	0	0.0946028284543011	0.0324081590047196	0	0.0399023716669239	0.0689276775033332	0.0203160859507489	0.0678646734043042	0.232320931489475	0.0302257859508212	0.0019035929891476	0.000435311891305767	0.00934716024945568	0	0	0.0160905774706453	0	0.424933781604358	0.909582033458997
10297_A13_T1_TUM	0	0.124982180092003	0	0.0426090841327743	0.245509041316693	0.0426101149205449	0.0965875169791138	0.0157666956718069	0	0	0.0015027253684141	0.0664196133830696	0.0495121457602501	0	0.0420050726192415	0.137787865838358	0	0.0563529385662617	0.0509306841872265	0	0	0.0274243211642416	0	0.374318322462418	0.926671764459164
10315_A29_T1_TUM	0	0.0684709347513302	0	0.134219498869833	0	0.20381929054593	0.0321445495950884	0	0	0	0.132270235984615	0	0.0127732311975631	0.186318549924137	0.0716939905969772	0.00411914403512369	0	0.0167631919795454	0	0.137407382519857	0	0	0	0.362086094760728	0.934916398119658
10477_A44_T2_TUM	0.0610362199201393	0.294776349002757	0	0.0492932243762478	0	0.223120612127985	0	0.0181360569213029	0.0125291135802606	0	0.0718845148291738	0	0.0125363768993052	0.125857652669436	0.0178634577461118	0.0390266017796588	0	0.0337906821651767	0	0.0401491379824444	0	0	0	0.705367043475217	0.747506709116058
10478_A50_T2_TUM	0	0.202866287567555	0.0161242344852921	0.105006069685595	0	0.143207848160127	0.0251649234105834	0.0609705753712117	0	0	0.0929515451165641	0	0.024358236258503	0.0462573383111946	0.161912154566493	0	0.0156196854798362	0.0170200313639442	0.088541070223102	0	0	0	0	0.433326238106622	0.900562296344061
10492_A76_T2_TUM	0	0.230256062727466	0	0.0862113208386712	0	0.202535609408431	0.0387294724838675	0.0752144338728234	0	0	0	0.0713200313133778	0.0660106763191692	0.032654586445522	0.13652095180175	0	0.0115859131023803	0	0	0.0336590553065113	0.0153018863800296	0	0	0.358655814850588	0.936256336421624
10515_A34_T2_TUM	0	0.143003626642327	0	0.167562593110359	0	0.29472471270176	0.101887766489435	0.00561752047874156	0	0	0.0929584700953469	0	0.00235759420833593	0.0931032368884482	0.0519687223546883	0	0.0180143950803878	0	0.0258253967394347	0	0	0.00297596521073577	0	0.474885815508912	0.879599972509603
10521_A31_T1_TUM	0	0.131821577158823	0	0.145791405355913	0	0.112825295152759	0.00107203657778646	0.122397859390185	0	0	0.01943332084309	0	0.0329370544076379	0.00967761336279269	0.158424229670469	0.022427781615916	0	0.0876100176128086	0	0.131039024928946	0.00358254157081447	0.0209602423520579	0	0.417313067872933	0.908998547151828
10526_A42_T2_TUM	0	0.167948769201479	0	0.189353762268323	0	0.174492110225144	0.0847560311997637	0.00525898363048682	0.0034971100791326	0	0.0846501235791983	0	0.0297899622737742	0.0778065010742265	0.0665165998718536	0.0842986354080902	0	0.00268233623341804	0.0242237523664847	0	0.00472532258862592	0	0	0.45008498373998	0.892681553190455
10545_A57_T1_TUM	0	0.108793545729595	0.0178992783946606	0.208742711224673	0.0490910141527184	0	0.167936824665468	0.086622742627417	0	0	0.00930985527961867	0.0520096877376429	0.00915684953380122	0.125655846505705	0.100840404966559	0.0372274584614715	0.000768764939629168	0.0175485379584771	0.00588048477307143	0	0.00251599304949253	0	0	0.311764853178379	0.955614662157283
10550_A79_T2_TUM	0.00967735640246334	0.115980971952543	0	0.192999821161787	0.105594028606921	0.0745760303050432	0.106944122183154	0.0290362051809363	0	0	0.0805118986670033	0	0.0251682674248609	0.0602570772083497	0.0477365480711621	0.0369960380386342	0	0.101440964331453	0.0122411975589661	0	0	0.000839472906722055	0	0.241783197588229	0.987121931457332
10603_A13_T1_TUM	0	0.140569475095479	0.0166407693776417	0	0	0.438423255268147	0.00203776746489809	0.0127712703156223	0	0	0.0302516261573047	0.0549714625792973	0.0252401589680809	0.0862459665905327	0.0430743245662644	0.0325416124335493	0	0.0417455963016379	0.0754867148815456	0	0	0	0	0.527824453162141	0.855790221117123
10607_A71_T3_TUM	0	0.0886040820510784	0	0.159037477661692	0.0955435215271276	0.063609090830128	0.0274046992167146	0	0	0	0.0845671788391678	0.0197951736066308	0.0248656949652695	0.0494290177014471	0.145603611848824	0.117159504745989	0	0.068977537089238	0	0.0468442521002379	0.00806247194799512	0.000496685868459172	0	0.43864085336422	0.897820049884363
10184_A08_T1_TUM	0	0.0944496228538952	0.00277390618779578	0.152274271065469	0	0.0581693990374916	0.0395028356668328	0.0860757694973454	0	0	0.012559267425039	0.0884596642724594	0.00939763362612665	0.171456154345783	0.0687652772223074	0.0386783555196739	0	0.10027762815892	0	0.0714747908931748	0.00568542422768517	0	0	0.671514653272014	0.780846408241852
10232_A82_T2_TUM	0	0.18277357691749	0	0.0548544144588475	0.0257535623579473	0.151667068657815	0	0.0582334032904546	0.043172680984991	0	0.00710899517025795	0.0189599053997823	0	0.137718534339455	0.204511998393111	0.0391556795896826	0	0.0100132739227406	0	0.0650471383119854	0	0.00102976820543865	0	0.546322520858091	0.839367303382819
10254_A09_T1_TUM	0	0.0617615211369105	0.000392753594976241	0.153529541185478	0	0.155998550823968	0	0.146643551134095	0	0	0.155486209807157	0	0.012675886017059	0.12300078815622	0.0617404332890799	0.0394919884891045	0.0529427629499218	0	0.000628051812440957	0.0357079616035879	0	0	0	0.194178936585129	1.0125317658594
10284_A61_T1_TUM	0	0.0928078893115255	0.00181078147340615	0.286604784700787	0	0.18228388918237	0.0356021311896921	0.0262759134007732	0.000131814867069597	0	0.0543139821716461	0.00412091450247324	0.0258358681127419	0.0629552080210579	0.0891606932617877	0.0659107491078046	0	0.0594429497899463	0.0108068591963868	0	0.00193557171053199	0	0	0.40334609870073	0.915761006026266
10311_A16_T1_TUM	0.0951894522060222	0.0189530754307674	0	0.033204525671354	0.0773826796413728	0.127420997155178	0	0.0287892994612411	0	0	0.0276237780111112	0.0432363893630748	0.016505398730424	0.170683581761986	0.0629885184343519	0.00114701396878212	0	0.0116661875667394	0	0.273810732539894	0	0.011398370057701	0	0.296438992594349	0.967532492225094
10313_A83_T1_TUM	0	0.0442742194437797	0.000247019287689763	0.311428954029367	0.0586511906062538	0.0435588355492666	0.0483040017887708	0	0	0	0.107073097640562	0.0572922601095241	0.0859785076672149	0.0755971107085399	0.0630607512187403	0.0979107614724196	0	0	0	0.00662329047787115	0	0	0	0.208628732638971	1.01255913386756
10317_A47_T1_TUM	0	0.0427453769824895	0.018272920834247	0.183800820113725	0	0.222887260822404	0.064234883433095	0.0721289129943375	0	0	0.0498815123486848	0.0369364570751076	0.0185695086069739	0.13013488709046	0.0826109701139648	0.0252631363601002	0.00184652936655072	0.0109903709243877	0	0.0394536362673431	0.000242816666128346	0	0	0.39027095411416	0.921350550613793
10329_A73_T1_TUM	0.00497393333710076	0.168231598971677	0	0.186019603008421	0	0.0915998671955284	0.0977847856249786	0.106179148710448	0	0	0	0.101903536538479	0.0323129969246929	0.0700664932928237	0.0754778775638659	0.0216165654787561	0	0.0131260824412346	0	0.0154850206239973	0.0140822130629959	0.00114027722500106	0	0.333103423720132	0.947127031608047
10469_A09_T2_TUM	0.0628562657214414	0	0.0119332146764798	0.135677055464018	0.0249457316099833	0.231618977897888	0	0.0739900788005752	0	0	0.00240006920777094	0.0763876208331303	0.0261942874057578	0.0485873878203325	0.0740585351524935	0.0312376050359242	0.073855253575236	0.0530450622454957	0.0113833806221321	0	0.0618294739313415	0	0	0.276879279196094	0.970210316278715
10470_A92_T2_TUM	0	0.213191816447961	0	0.12581513772163	0	0.222092734283146	0.000922623335868371	0.0427660771531527	0	0	0.0659229736774898	0.0426801986249439	0.00653167134518254	0.125908875358389	0.08494573011354	0.0302030058252386	0	0.0265577408451441	0.00894935629774807	0	0.00351205897056571	0	0	0.539073512758285	0.846221480577072
10474_A80_T2_TUM	0	0.231612879650352	0	0.178722023669327	0.0670472971484782	0.0726372837449779	0.0222366633535174	0.0182119899929438	0	0	0.104031356110541	0.0185206145477783	0.011624937912257	0.0843289392287169	0.0607471664668946	0	0.0113565111241592	0.0325293978332414	0.0816937593364436	0	0	0.00469917988037137	0	0.447576261712848	0.893383603157795
10480_A01_T2_TUM	0	0.178267996304616	0	0.229340658661917	0.0414556008742307	0	0.0162041496172371	0.0516983538373528	0.0109460233241402	0	0.0264495454857902	0.0476190090571874	0.00999045151819724	0.0531566555894618	0.190161811856305	0.0731773456449917	0	0.0618057373890286	0.00972666083954426	0	0	0	0	0.400393233720402	0.920548386459122
10487_A45_T2_TUM	0	0.095116725365322	0	0.17747331681059	0.0479842906714657	0.151533445912375	0.138966470587486	0.030881399106507	0	0	0.046534667798048	0	0.0335245423418559	0.0344123117436962	0.157634650759624	0.00414911182903917	0.00846998052395969	0.0374148419743605	0.0359042445756721	0	0	0	0	0.414626152328925	0.91004515573635
10503_A51_T2_TUM	0	0.0806690754909403	0	0.202027090923736	0.103320748339514	0.025911609122494	0	0.00195728205723164	0.00129024925861634	0	0	0.169623437450873	0.0188125169447971	0.0516318584209404	0.167076843830518	0	0	0.133107998858191	0	0.0389171980431732	0	0.00565409125897534	0	0.307781347508118	0.976257358901202
10507_A03_T2_TUM	0	0.219435817192839	0	0.210015476340429	0.0179526781279709	0.0324939044411406	0.0075499856853673	0.100776062194945	0.0289816486429449	0	0.0399475350909876	0	0.00686571233558527	0.156803069612127	0.0884538423569113	0	0	0.027316225069049	0	0.0548177837827564	0.00543198623711497	0.0031582728898317	0	0.403735295395146	0.914603454324281
10518_A07_T1_TUM	0	0.118799662076139	0	0.235926671732568	0	0.145036809021052	0	0.0185446493448945	0	0	0	0.205753868797489	0.0364674420950844	0.0620177703934511	0.0928647052631102	0	0.0161101274373581	0.0240094953621184	0	0.0321222196619131	0.0123465788148221	0	0	0.308989233574308	0.968187233010027
10525_A42_T1_TUM	0	0.188118175397382	0	0.169589661227957	0.0563773237184331	0.0669426961672529	0.083451924105206	0.0366500115942899	0	0	0.0606019422174578	0	0.0135052791521654	0.0555948427051003	0.0920163124824484	0.0818212165882003	0.0216826379208831	0.0585298982097553	0	0.0127186594467932	0.00239941906667504	0	0	0.482321034520462	0.877613510507347
10530_A66_T2_TUM	0	0.0840088878525568	0.0169304644004404	0.240916446854301	0	0.0866172754277494	0.0867387806594336	0.0482667451187186	0.0115935692562674	0	0.134815474117654	0	0.0256509210738346	0.0876286664969625	0.107485568697437	0.0272816453579357	0.000900698034246757	0.0346717079557748	0.00181843675374789	0.00467471194294039	0	0	0	0.226135379052852	1.0009814573348
10555_A35_T2_TUM	0	0.0401648588142102	0.00623512009042508	0.192544396658616	0	0.214512880171344	0.0142564102105629	0.0150989224638016	0.0361334570910097	0	0.0424477531491204	0.00651092079285578	0.0575653383549146	0.0584400562261078	0.0934405365115727	0.110613775015112	0.00700256518402179	0.0449742411874513	0.0468518560790558	0	0.00735297893457223	0.00585393306524575	0	0.337026755618347	0.943998851687112
10604_A13_T2_TUM	0	0.0409465302943827	0.0015667809629193	0.0465728627923184	0.0291887320781406	0.265949346945943	0.0235478754467591	0.0276168294068674	0	0	0.0510153130520365	0.0559378117136263	0.0176156395588146	0.181427459602443	0.0917358542591	0.0684245201049297	0	0	0	0.0847345618690447	0.00328927469377266	0.0104306072189022	0	0.560072062117017	0.837905841685169
10185_A08_T2_TUM	0	0.0522070720560948	0	0.212272550346514	0.0161154447755891	0	0.0947478490935734	0.0202107636212745	0	0	0.0872874644774107	0.0480044892209712	0.0171749373703842	0.0989042318275291	0.109719852196157	0.0342044347607633	0	0.0772537671926112	0	0.125522859317482	0.00557234777434843	0.000801935969297666	0	0.610007880555629	0.808307758426008
10205_A39_T1_TUM	0	0.126986311304916	0	0.122310090876484	0	0.270096018479388	0.0306437152082149	0.0373844681528702	0	0	0.0270696649600707	0.0277099349465267	0.0512346467999434	0.116073312012392	0.0696143419675772	0.0300210457397941	0.0156613313257867	0	0	0.0751951182260353	0	0	0	0.546814905619038	0.847566586797584
10228_A68_T2_TUM	0.0216068588929131	0.0398657512071444	0	0.081561694976245	0	0.247764854494258	0.00148596843665647	0.0337989605380896	0.00715125111374572	0	0.0227334263537558	0.0179941390627095	0.0176496254877773	0.0820253171617552	0.05917603854556	0.0611317189547071	0	0.275167920047999	0	0.0151949150564602	0.0156915596702234	0	0	0.40943200946884	0.914312674067709
10235_A86_T1_TUM	0	0.18116470202615	0	0.136227886495424	0	0.239412112605207	0	0.032115970743662	0	0	0.0078165619882327	0.0703420819580658	0	0.173050245067778	0.0910044722489923	0.0537779844963657	0.00120022922242215	0	0.0010166557842358	0.00936122576760518	0.00350987159586036	0	0	0.307923492138776	0.960282483343969
10267_A90_T1_TUM	0	0.252384235160039	0	0.114104862442299	0.13967768583753	0.0722089702701955	0	0.0421069113781056	0.0139531578777945	0	0.108470285204132	0.000722347357085068	0.0262870375675932	0.119401766755643	0.0701524100790492	0	0.0238351030100732	0	0.0114341105741669	0.000874427109430516	0.00438668937686317	0	0	0.380408058745097	0.926232478114653
10282_A50_T1_TUM	0	0.192585931600843	0	0.144497237601613	0.0404069741504919	0.113156013908802	0	0.0237823896411935	4.16040232409427e-05	0	0.0322537353528382	0.112063315229551	0.0370216938434763	0.0673553111681788	0.222695352475251	0	0.0110640787281502	0.00307636227636962	0	0	0	0	0	0.445651920569059	0.898155168679619
10301_A18_T1_TUM	0	0.150880378249732	0	0.481719729346588	0	0	0.0311918755765682	0.0550535267438378	0	0	0	0.0839300436187621	0.0320290659854913	0.053711067784955	0.0382079420692496	0.0329813466621363	0	0.00403651188880233	0.026684056058445	0	0.00957445601543262	0	0	0.334305825019072	0.956860042723944
10331_A60_T1_TUM	0.00177744321099397	0.11240647977848	0	0.111454795049724	0	0.224447607102264	0	0.104380545074068	0.0619201785752003	0	0.049308035686983	0.0324390802962346	0.0143232423296623	0.0815813634131969	0.0784955003910311	0.098289798723384	0	0	0	0.0287893517902047	0	0.000386578578572682	0	0.23101436016539	0.991562400421621
10468_A43_T2_TUM	0	0.167647764188105	0.00444675340338175	0.250165753604671	0	0	0	0.0839664986044303	0	0	0.136719316389618	0.0300915771114102	0.0515154548619519	0.0346691884923001	0.095985737000333	0.0303889249376373	0.00120267899542518	0.0227214387749397	0	0.0770055408497463	0	0.0134733727860502	0	0.411546161757303	0.911861049170546
10479_A61_T2_TUM	0	0.0780525000214238	0	0.280880429615335	0	0.176524194580533	0	0	0	0	0	0.0636126285612657	0.0286328687387508	0.111606075369909	0.103835394174263	0	0.0130817563186718	0	0	0.130271900378941	0.0135022522409068	0	0	0.292503684419687	0.968500215142704
10483_A13_T2_TUM	0.01128923663188	0.0754093788805221	0	0.141473717325922	0	0.180647808583007	0	0.05417385849994	0	0	0.023679227608519	0.0584408559004808	0.0238106454453444	0.0373852790061123	0.0920458316917998	0.0584180430033898	0	0.0535936673299923	0	0.150698771930676	0.00134221397866876	0.0375914641837455	0	0.392844790555533	0.919058299977804
10496_A73_T2_TUM	0.0435439105417168	0.113313066276061	0	0.216843812742497	0	0.203695442171327	0	0.0630550402537595	0	0	0.0121321389670056	0.0412473448678638	0.0183244006467789	0.0617054013804761	0.0531268178540739	0	0	0.0954492532740276	0	0.0594674049160419	0.00996435877214372	0.00813160733622784	0	0.27667103821434	0.974520425397703
10546_A57_T2_TUM	0	0.115560960269791	0.0113185049209613	0.181485527971188	0	0.126857331979646	0.176156676524784	0.0675689511757993	0	0	0.0132874271789032	0.0581726599650507	0.011502009807281	0.09228617538469	0.0824524984622032	0.00201520287951964	0.00267473062845514	0.0128823662169261	0	0.0437969315493179	0	0.00198204508548421	0	0.266796432547033	0.97529768586086
10606_A71_T2_TUM	0	0.113728213923928	0	0.258029585345871	0.0742790148062563	0	0.127922470518568	0.0034946095566712	0	0	0.0897065108984369	0.0106006683736066	0.0326730384504413	0.0422540017257133	0.0690167110450466	0.0141744082804168	0	0.131332325232602	0	0.0202042093445164	0.0125842324979255	0	0	0.490328505911756	0.871777179105773
10194_A17_T1_TUM	0.00195245175006935	0.0223414168567471	0.00182678525962917	0.0672219235801331	0	0.203776107444155	0.00421293480182949	0.0231129041425029	0	0	0	0.0554195464389116	0	0.142071918576705	0.187459059022671	0	0.000176126113072925	0.000757827588544627	0	0.286685714461902	0.001512132988814	0.00147315097431192	0	0.527274921169115	0.848977211464442
10227_A68_T1_TUM	0.0215947223698842	0.0285678518619525	0	0.0796572264703622	0	0.262076973698325	0.0403082901663935	0.00506318269528705	0	0	0.0211880287915909	0.039096822013639	0.0093677587606131	0.0572096609940929	0.110216632133409	0.12286134774832	0	0.162904534157303	0	0.0285723317011733	0.00683931357679515	0.00447532286085925	0	0.470765811415696	0.881520621070067
10256_A92_T1_TUM	0	0.202289486067327	0	0.113884104784056	0	0.250780289366176	0	0.0606772418888887	0	0	0.0490512495843706	0.0791552793660157	0.0277030722722729	0.0768015255579628	0.0630543063512188	0.00093866800222917	0	0.0349194175471561	0	0.0301561370052006	0.0105892222071262	0	0	0.523968988832187	0.854161686542781
10269_A80_T1_TUM	0	0.189270846025147	0	0.243672378126476	0	0.0206775199120799	0.0782438464151796	0.0594972537855418	0.00861004017726819	0	0.027925235956169	0.0390581285827894	0.0284211899396404	0.131384002929969	0.0736361488801375	0.0416534416859567	0.00554313446108386	0.0198350674184624	0.0242810005957368	0	0.0082907651083629	0	0	0.345645726720059	0.940214535856151
10280_A44_T1_TUM	0.171421031087187	0.135977546731264	0	0.0327592205493531	0	0.253188626429091	0.0140526174261096	0.0281471235597376	0	0	0.115449150271008	0	0.0123631298306879	0.145696811962157	0.0400615370681613	0.0300592723676103	0	4.8441613769302e-05	0	0.0207754911038635	0	0	0	0.639226176810511	0.787899122521305
10305_A02_T1_TUM	0.0753547739095824	0.255203580468755	0	0.061356620398099	0	0.207517270687435	0.0827220838365933	0.069714767950536	0	0	0.016870999165068	0	0.0110761247399794	0.0283954001580764	0.0451836013237666	0	0.00883306522283368	0.0496926909385394	0	0.063657306515759	0.00963204226083732	0.0147896724241396	0	0.625872119561321	0.79907347053105
10473_A90_T2_TUM	0	0.159943946118433	0.0107068167582121	0.189316916965261	0	0.116744924143114	0.0986114450707717	0.100448579275978	0.010042637215922	0	0.0714199981518607	0	0.00187883856391852	0.133862021213798	0.0724523491377987	0.0261500019475286	0.0024190382677931	0	0	0.00538812351039874	0.000614363659211738	0	0	0.307296084742561	0.959273495601871
10475_A72_T2_TUM	0	0.110190783333215	0.0209795970629767	0.107055712393699	0.0172528339426639	0.367193530240686	0	0.0507323538674854	0.0835615130714696	0	0.0298572644145834	0.0453487334689273	0.0153398083796096	0.0512526773743409	0.0441946620789303	0.00206494905536141	0.00626467556363084	0.0173013101906904	0	0.0306014496053969	0	0.000808145956333559	0	0.288947102690946	0.973518598138295
10481_A81_T2_TUM	0.0416570164346665	0.0329288972581185	0	0.161655112433625	0	0.18976855929334	0	0.107335169434575	0	0	0.0107233880880443	0.0326950552168225	0.0243889044736502	0.116896791375521	0.165854133946374	0.0228921055385712	0.0120519819850154	0	0	0.059817696240897	0.0213351882807788	0	0	0.193213113681894	1.01497462815052
10484_A59_T2_TUM	0	0.116341964387019	0.00652979140950889	0.15173132221552	0	0.142175421744081	0.0156935236063022	0.123222391668314	0	0	0.0407439528127185	0.0594386139781709	0.0227255012706003	0.0165235004284142	0.110542049501945	0.0319413473678705	0.0694281328572586	0	0	0.0929624867522771	0	0	0	0.362127749536087	0.933033298339138
10489_A83_T1_TUM	0.0688907370751437	0	0.019075818499245	0.0887563116848574	0.0836884880238417	0.00686967942559996	0.0182213606489626	0.0694433397106635	0.0133578204042973	0	0	0.218672102533989	0.0392227107335626	0.171024418834602	0.0881832393968007	0.0284501965423647	0.00328873278045155	0	0.00220131060801841	0.000628602187273225	0.0800251309103272	0	0	0.336334460382647	0.947843443182161
10504_A51_T3_TUM	0.0287132344751776	0.125562714720356	0	0.183819237211341	0.019413678664509	0.0603141701195848	0.0203955922425226	0.0256861748166948	0.00122176434266097	0	0.0504506003274415	0.0579433878629221	0.025203848002397	0.042091200426046	0.14276574427257	0	0	0.136562226097761	0	0.0702096479406505	0.00964677847736431	0	0	0.39326720538012	0.922752174113615
10553_A02_T2_TUM	0.0621419834931327	0.26432580670534	0	0.070659881344353	0	0.145719831221446	0.0470948010699874	0.097136794855865	0	0	0.0324936036011269	0	0.00925609131374893	0.0437151651044742	0.0518693979590279	0	0.0147025653703222	0.0517578164151737	0	0.0978277756966553	0.00880341307446034	0.00249507277488669	0	0.602457537617492	0.812874661565033
10558_A93_T2_TUM	0	0.253552167103234	0	0.165849741587457	0	0.069036486678504	0.0882830270502039	0.0500886479363451	0	0	0.0567101128771377	0	0.014910143748199	0.073425293833923	0.0858939496447105	0.11717472670574	0	0.0047945824386586	0	0.0199593496777256	0.000321770718161101	0	0	0.413447300047971	0.909639239599482
10190_A11_S1_TME	0	0.172815458825411	0	0.230772940085195	0	0.30603604340637	0.019574554530726	0.0315607202996419	0.0119091664417627	0	0.0334069469112005	0.058302450104466	0.0103978571872829	0.0298101685355436	0.0229249701479185	0.0230695464322261	0	0.0287470820886886	0	0.0206720950035669	0	0	0	0.440761886618262	0.898402420023064
10225_A63_S1_TME	0	0.111143880281881	0	0.272737246097024	0	0	0.126366273227979	0.0620328394291657	0.0216628551824602	0	0.0726034897677218	0.00902819461068641	0	0.12755985631211	0.122977922899632	0.0534959273008364	0.00543916914842816	0	0.00137975724741903	0.000874980879436358	0.0080278037191025	0.00466980389611722	0	0.271475403876022	0.97676289521865
10258_A34_S1_TME	0.0739942053003743	0.109542694312274	0	0.191453861616997	0.219034241231679	0.129210950652576	0.0365019496817087	0	0.00331866002494822	0	0.0511560915697911	0	0.025006812475624	0.0622748450442522	0.0540983091718895	0.0171523898811954	0	0.000757123416407406	0.0264978656202829	0	0	0	0	0.435291629722217	0.900145046712607
10266_A64_S1_TME	0.042155846162947	0.246953026632935	0	0.146363054252456	0.0592118706873344	0.0547393908570977	0.0394010369995741	0.0227097604779518	0.00334800808631698	0	0.174013603494208	0	0.00155238113635596	0.0766801274398846	0.0952826885890508	0.0220683631221112	0	0	0.0155208420617763	0	0	0	0	0.551746783106397	0.835971179237813
10300_A59_S1_TME	0	0.252562216012597	0	0.228926778485274	0.0977529428791127	0.0536728624964552	0.0105868576174385	0.0159694026200164	0.00182907185735939	0	0	0.11398740836904	0.000917705218459453	0.0575477586120806	0.0604511667493246	0.0278739819583035	0	0.0581575480261321	0.019764299098407	0	0	0	0	0.378964407856383	0.928987447893219
10310_A45_S1_TME	0.0074868082177623	0.159826674066234	0	0.0623824692091657	0.155006757292593	0.0734164654799097	0.161376479176674	0	0	0	0.0360782735293762	0.0260615679573497	0.0595093285374373	0.0698067436461942	0.058034674023564	0.0406632309444429	0	0.000778873042736616	0	0.0626179439546055	0	0.0269537109219541	0	0.285053432660105	0.96259094800945
10505_A51_S1_TME	0.0271576952058484	0.0753505793074363	0	0.205133349380049	0	0.038024417496705	0.0568174458699955	0.0433300990124679	0.00477492783995997	0	0.0545065108983273	0.0409467259605146	0.0278332429692005	0.138501697920508	0.108292375289373	0.0613052262391741	0	0.0135152835122556	0	0.0898636775090936	0	0.0146467455890903	0	0.332758051797654	0.946150583681716
10516_A34_S1_TME	0.054695556503196	0.123638577063088	0	0.13636445380174	0.0842994823190744	0.282910325655085	0.091325350677757	0	0	0	0.014863519720088	0.0110654184306724	0.0541202623952657	0.0584779777246318	0.0453170159467676	0.0107509364570924	0	0.0130077538663699	0.0191633694391729	0	0	0	0	0.307491217884858	0.960413839954206
10543_A10_S1_TME	0	0.214323478533948	0	0.209766037577713	0.122613767381369	0.0733470181898934	0	0.0408605400147459	0	0	0	0.113174805739978	0.0234376320292072	0.102184322414137	0.0520343755535966	0.0301520603177757	0	0	0.0142941131387774	0	0	0.00381184910885868	0	0.376356233585417	0.929316693059422
10211_A40_S1_TME	0.0167517909935247	0.114291364285708	0.00750387466791324	0.106399571357189	0.0211331489093393	0.219266666556583	0.0909060113972836	0.0101229385046188	0.0208479814019892	0	0.0512755380399917	0	0.029807169640586	0.189700775728434	0.0845662374956281	0.0361252735711875	0	0	0.000369734629098831	0.000931922820925532	0	0	0	0.229496812235256	0.991254475924185
10308_A20_S1_TME	0.0281499771087705	0.124655402034439	0	0.175790295796379	0	0.305029336896064	0	0.0220946504132172	0	0	0.0121986063824283	0.0833853747544928	0.0172579515020763	0.0709846898780302	0.0557064896755848	0.0610613065203025	0	0	0	0.0436859190382155	0	0	0	0.466172300694722	0.883888972189475
10531_A66_S1_TME	0	0.12450576662764	0.0124810769218632	0.202957470934229	0	0.13568546344053	0.025927545973728	0.0504236264848428	0.00349130483552496	0	0.0473289577834902	0.105158115841819	0.0136301647581681	0.0825626066031911	0.0835021642303447	0.0338497712098823	0	0.047988444042937	0.0304082238659595	0	9.92964458499863e-05	0	0	0.258424579188772	0.98477555433656
10551_A79_S1_TME	0.0673934124045736	0.16347706011374	0	0.138332326062604	0.000165489106134729	0.123579534019996	0.0284257668685866	0.0390511355383198	0	0	0.0835646792591127	0.0134087840281391	0.0309793197846559	0.111671172550778	0.0815283020629841	0.0154265818556669	0	0.0596591015708317	0.0327709460570547	0	0.0105663887168227	0	0	0.35068810529114	0.938892455189311
10556_A35_S1_TME	0	0.111970156441122	0.025415519723213	0.163388844096848	0	0.140745711214469	0.010424287522998	0.0908754666963681	0	0	0	0.0611777708071515	0.0143377062876994	0.0943556815065565	0.119119502794027	0.101879350720139	0.00873614292460305	0.0235599356378302	0	0.0245784617377224	0.0094354618892527	0	0	0.237106994279879	0.988325197101055
10601_A94_S1_TME	0	0.349075861366126	0.000738209674707819	0.123626455060548	0.0427240073935603	0.181624056500278	0.0181935471287513	0.0502652735165112	0.00833314205163567	0.00339248845810882	0	0.0418457763348994	0	0.0570988191584879	0.0297751833374954	0.0501311824250151	0	0	0.0431759975938757	0	0	0	0	0.51725824858978	0.856090075696038
10182_A05_S1_TME	0	0.16393020742119	0.0369138777745859	0.174040914166963	0	0.115795217302853	0.0873440471890839	0.0473556066060023	0.0101949582205429	0	0.0777337689198346	0.00201726831912851	0.0229505568328304	0.115721411512181	0.0760059430067994	0.0432242518953477	0	0	0	0.0252594996479316	0	0.00151247118472485	0	0.346505821440483	0.94007474379626
10233_A82_S1_TME	0.0611932633358363	0.391792503656017	0	0.0568476639221719	0.067740058317783	0.0612108515408881	0.0421076513646832	0.0807465289847586	0.0267286973080615	0	0.0599595662631112	0	0	0.0828137220257896	0.0399132187991531	0.0289462744817463	0	0	0	0	0	0	0	0.579900402928145	0.815838919133745
10241_A43_S1_TME	0.00481409588415577	0.223917475330122	0	0.144439553702757	0.0500493467094273	0.21906833265757	0.0585754393925965	0.000518709277458068	0.0020745183896329	0	0.0500698133529804	0.0312512433352446	0.00981690696068395	0.0789904983435513	0.0956510391135153	0.0250042007548524	0	0.00575882679545253	0	0	0	0	0	0.446740177589182	0.893827398905822
10273_A88_S1_TME	0	0.157946932369909	0	0.00212238430883481	0.131241233532101	0.256456705949542	0.00284896368791513	0.00991784968860709	0	0	0.144123916254235	0	0.0209061704118824	0.19335853761299	0.0569009646141606	0.01529953211817	0	0	0.00493131219121996	0.00394549726043221	0	0	0	0.308204018396417	0.960316475214139
10289_A01_S1_TME	0	0.205485097978664	0.00876122721359326	0.265417453176891	0	0.0426915422928833	0.0552631223420363	0.027310876315862	0	0	0.134440796235133	0	0.025751838268205	0.071805311242171	0.116066765145442	0.0157709980215533	0	0.00560276716641088	0.0231473602777666	0	0.00248484432338882	0	0	0.408687332600334	0.913998497244406
10298_A13_S1_TME	0	0.321462051122915	0.0260776040052903	0.0258794393475369	0.153050602286597	0.231532665699702	0	0	0.00679736831982978	0	0	0.115512562050169	0.0125204920273051	0.0466666679723695	0.0409071298901953	0	0.0018155573041766	0.00106615461304808	0	0.0128672797038219	0	0.00384442565704377	0	0.506899840886897	0.861283727907443
10316_A29_S1_TME	0	0.087441959018159	0.00208855595122611	0.113603840918798	0	0.293180875936248	0.0689078898809105	0	0	0	0.106894001545396	0	0.00423646250375372	0.155643668718393	0.0735888436120327	0.0700294184367638	0	0.0213450057872085	0.000611930494092584	0.00242754719701752	0	0	0	0.239581951718294	0.990395366143609
10523_A31_S1_TME	0	0.131256357519733	0	0.0235822724942635	0.0282234474941388	0.310632688777194	0.00704439033146674	0	0	0	0.231578635234565	0	0.0122384264550045	0.0391916478728004	0.0688183366650937	0	0.000700210701265526	0.0512557442863107	0	0.0757457759156351	0.00229339433623208	0.0174386719162974	0	0.261175357765381	0.986472130724511
10547_A57_S1_TME	0	0.240500834730828	0.0477046931045504	0.192195139655079	0	0.0307298007193576	0.142542223082967	0.0531090258901748	0	0	0.0561979404571751	0.0386169269917947	0.0222380073413073	0.0363933598145091	0.0740312802551706	0.04079469776596	0.0131736304166263	0	0	0.0117724397745002	0	0	0	0.406202845846333	0.913890624376376
10186_A08_S1_TME	0	0.14034573124614	0	0.143189252043219	0.0400503454360444	0.15955057954055	0.0872836112593571	0.0197617656571466	0.0168449030657201	0.00370120163600722	0	0.0629000059722872	0	0.150723784322046	0.10606306772266	0.027630121419353	0	0.0348701958468934	0.00708543483257635	0	0	0	0	0.297964204759498	0.963333215001926
10255_A09_S1_TME	0.0194175312045591	0.0400052894366095	0	0.0311774635466075	0.0543968319566687	0.219824561063697	0.231835853614156	0.0461309440321033	0	0	0.14950262915887	0	0	0.0192798822215166	0.0578645238191171	0.0411154127698771	0.0126335885210751	0.0389952619416215	0.00808295673721918	0.00366085428640035	0.0167286165473924	0.00934779914250887	0	0.308104907788809	0.958999000306307
10285_A61_S1_TME	0	0.128604877852731	0.00395704730748251	0.251828797855281	0	0.157334765518028	0.0397478196031417	0.075554382399759	0	0	0.0656069784364161	0	0	0.111655467528861	0.0477054465218683	0.102404264115129	0	0	0	0.0156001528613024	0	0	0	0.219414022811401	1.00036139860539
10312_A16_S1_TME	0.091004043336728	0.110722288892858	0	0.0377218424336513	0	0.151984960134996	0.0239323880382428	0.0602970822773769	0.0364351193805905	0	0.0296010719764317	0.0360773911702363	0.00871612264372937	0.13814417970063	0.0441539810310708	0.00932222318790269	0	0.041188867998221	0	0.173019262392693	0	0.00767917540464324	0	0.548580081462943	0.845982873373226
10314_A83_S1_TME	0.0303851700256369	0.0556102669614297	0	0.108118117779367	0.048129063515482	0.134854751246187	0.168134253851605	0	0	0	0.0149497526664149	0.138842159619006	0.024820104489555	0.092570704842117	0.0303126222706326	0.0236120723510513	0.0259482894744764	0.0111394442635741	0	0.0281082858135477	0.0644649408299176	0	0	0.327511091763587	0.948277338462725
10320_A76_S1_TME	0.0753645384374645	0.261965874439699	0	0.131774233557852	0.085100284844015	0.190224884314052	0.041744482377779	0	0	0	0.0257914912808596	0	0.0141347219718502	0.0801494487763013	0.037800172466438	0.0335230434613524	0	0.0131443143992643	0.00149501425306038	0	0.00513696142215146	0.00265053399786104	0	0.511190146847989	0.859327044248516
10520_A07_S1_TME	0	0.119700778332865	0.0109579646255637	0.254822583636006	0	0.120487859850826	0.0724230955438718	0.0245476492417149	0	0	0.0313331958463863	0.0541693203594555	0.0377888605935568	0.0827571432516008	0.13387725270521	0.0255721494853789	0.000344844817397468	0.0203907603567436	0	0.00860078508642243	0	0.00222575626700128	0	0.276964922244126	0.976950137977573
10207_A39_S1_TME	0	0.143766837382744	0	0.208226736899688	0.191168432536574	0.123216776170742	0.00361801737584675	0.0438972412642658	0.0262807209425926	0	0	0.0980000028314249	0	0.0620215664018564	0.0299145739246809	0.0196409419148064	0	0.0367538549494569	0.00759296847389363	0	0.00590132893142809	0	0	0.418817798234138	0.909714317669736
10218_A52_S1_TME	0	0.193563736852259	0	0.298470229151295	0.0190455783792571	0	0.0592139588697671	0.0547434426632534	0.0100854577328971	0	0.0206362444930294	0.0855960065029991	0.00639271839868098	0.132831699891336	0.0524531826793586	0.0142079484812313	0	0.00675039906393168	0.0460093968407035	0	0	0	0	0.332899310166886	0.949400788265666
10237_A86_S1_TME	0.181914136371488	0.397427066004857	0	0.0299559155643164	0.0649406993320476	0.10784265335631	0.0201814562318892	0.0511898826491956	0	0	0.0168501685185745	0	0	0.0796930783212463	0.0161395755720784	0.0221212682667882	0	0	0	0.011744099811208	0	0	0	0.708960314882921	0.710904112287391
10253_A55_S1_TME	0	0.183797424530048	0	0.133728583706725	0.0199614027605113	0.16743609376036	0.0431774430513213	0.064470452457506	0	0	0.0541665164791292	0.0392747477655213	0.0509081357334953	0.0384462185373051	0.142935351395699	0	0.0135862867678934	0	0.0481113430544855	0	0	0	0	0.544634322125916	0.843511692293221
10268_A90_S1_TME	0.0125953465339591	0.14501398571682	0	0.00960445665684117	0	0.23837858513251	0	0.0525598080937879	0.0131168643615439	0	0	0.0685969721615755	0	0.0573309344633268	0.0539177888118	0	0.0122667934915758	0.0157010350507874	0	0.134115754088233	0.0248334878571705	0.161968187580068	0	0.520578969736987	0.859076248453006
10283_A50_S1_TME	0	0.226810777239505	0	0.220236885621856	0.0584820139748895	0.0713925152917551	0.0161887565354459	0	0.00423404129884642	0	0.152831753980291	0	0.0055058191887473	0.0443787737577634	0.0531384834669563	0.044512896572529	0	0.0176570310402804	0.0846302520311348	0	0	0	0	0.370318494665752	0.932205765071665
10302_A18_S1_TME	0.0536908850413758	0.0449512265209463	0	0.367982328599223	0	0.00223458912898386	0.0790525290838966	0.0682822733119188	0.0148077991886383	0	0.0418783750996075	0.0139755959977335	0.00504493206810462	0.14305485945006	0.0852561076071977	0.0433975893268751	0	0	0.0363909095754386	0	0	0	0	0.337014260204248	0.947594955680305
10332_A60_S1_TME	0	0.129039283501209	0	0.114458395509891	0	0.200408452290258	0	0.0749196720262478	0.0235965614880053	0	0.0717208534069828	0.0382622027245546	0	0.132693823732946	0.102689030443131	0.0487109602090278	0	0.003703452491447	0	0.0526501080313398	0	0.00714720414495991	0	0.268149149520735	0.976508245072217
10539_A65_S1_TME	0	0.138297564733922	0	0.295574068540175	0.0241048395107441	0.0224864438773303	0.0750366514515403	0.0535168172675501	0.0115904903119922	0	0.117390427781018	0	0.0100282297142813	0.120163551825063	0.0553757972094948	0.0516612638453547	0	0	0.0245545055954343	0	0.000219348336099425	0	0	0.407640763352731	0.913306658135308
10199_A28_S1_TME	0	0.381861385264011	0.0500646208660753	0.0635557841833488	0.0080197330280632	0.0696606917063004	0.0171127440348271	0.0916154522854529	0.0396694084037025	0	0.0893657775062709	0	0.00579906573829844	0.0543914611920849	0.0470944841600426	0.0499884220166116	0	0.0108048284494327	0.0209961411654774	0	0	0	0	0.522918424539659	0.851684186941904
10214_A49_S1_TME	0	0.166912506738141	0.0155744306377172	0.103281440018415	0.0274314493012697	0.225373077211514	0.0109550679530905	0.0201344852361371	0.0244702522147415	0	0.00070295409249945	0.0322715154259992	0.0243662398118604	0.097434886356174	0.0523080210135272	0.12909235947225	0.000712369104405076	0.0133060474689685	0.0398675176893548	0	0.00617700199507529	0.00962837825885982	0	0.298951967476441	0.95868582588927
10257_A92_S1_TME	0.0115688180026073	0.246692002384424	0	0.14561526107744	0.0360788499944152	0.203713994525894	0.00743496340387765	0.00441330188618294	0	0	0.0656928137885784	0.022141407812607	0.00183929539690391	0.136990266178282	0.115079438181246	0	0	0	0	0.00255613030406513	0.000183457063477083	0	0	0.5302668919583	0.848722809697495
10306_A02_S1_TME	0.0491280295656946	0.0968593074708632	0	0.0873805285883526	0.153229019701675	0.308467160890574	0.00349912494896435	0	0	0	0.0693386208529571	0.0323760062073907	0.0266754628229451	0.0630352314685702	0.0462606185396365	0.0264543352562512	0	0.0372965536861251	0	0	0	0	0	0.356259886605363	0.940600254689848
10322_A32_S1_TME	0.132270332653264	0.109354477232411	0	0.204103584183708	0.0713800875028532	0.0290860660291029	0.0998730178376612	0.0741632155136638	0.000163830401015356	0	0.0109544402844136	0.0422403795201946	0.0203882632489621	0.0371089875122585	0.0512947097712688	0.0698495432586894	0	0.00378031887926841	0.0111152790532527	0	0.0254357095065935	0.00743775761141931	0	0.37036823681798	0.930140575442564
10500_A67_S1_TME	0	0.168643377817847	0.00748693912245025	0.252593836371047	0.0785145414801177	0	0.0999125005785028	0.0262728988068348	0.00192974518458866	0	0.0302954801538145	0.0628511718680316	0.0249490776939265	0.053548716259705	0.049373385146336	0.0641595621640389	0.000669060183872731	0.0307485817256476	0.0448733338533102	0	0.00317779158992902	0	0	0.297633791647663	0.96172517359281
10784_C666_1_CEL	0.0111681840466448	0.0942722355820867	0.00959283729488178	0.110088539177954	0	0.125529014547867	0	0.0255167783695889	0.0544538875236577	0	0	0.0762926754323131	0.032754492627456	0.0562595140598505	0.00897287671283458	0.000234554320163859	0	0.173233624443033	0	0.208438129951572	0.00258179075363298	0.0106108651564621	0	0.262867248924751	0.977142779101043
10785_C666_2_CEL	0.00934948126853296	0.0621070708151149	0.00279189985774465	0.105870126583938	0	0.120002335920607	0	0.0605721930958868	0.00589927192468733	0	0	0.047080923463852	0.0255382462504163	0.0541185330838211	0.0440432436833842	0	0	0.368681259587559	0	0.0919552322656159	0.00199018219883903	0	0	0.428329613634798	0.907479867853463
10783_C666_3_CEL	0	0.131933861816697	0	0.0468599815001022	0	0.269747693917171	0	0.0779083518302787	0	0	0.0483378967961448	0	0.0179760654678714	0.0437013913823969	0	0	0	0.311949324997228	0	0.0420233669579631	0	0.00956206533414705	0	0.343980248055466	0.947063755269885
11235_C666_4_CEL	0.00878445993582831	0.115027969199039	0	0.0535650422623832	0	0.214253362050626	0	0.0121916193336368	0	0	0.0570037834716151	0	0.0221145317114978	0.0275241576507722	0.0179005635047834	0.00568154268410319	0	0.401905811356423	0	0.0635927265247402	0.000454430314552369	0	0	0.423668408739705	0.91113730684374
