	STAR_mqc.generalstats.star.uniquely_mapped_percent	featureCounts_mqc.generalstats.featurecounts.Assigned	STAR_mqc.generalstats.star.uniquely_mapped	featureCounts_mqc.generalstats.featurecounts.percent_assigned
10181_A05_T2_TUM	26.81	1477118	4763262	31.0142465169
10188_A11_T1_TUM	26.79	727890	5017432	14.5089917517
10190_A11_S1_TME	32.53	710752	6277096	11.3243375142
10195_A17_T2_TUM	28.06	929107	4118863	22.5599457264
10206_A39_T2_TUM	28.01	1606620	4568669	35.170128398
10210_A40_T2_TUM	18.09	797686	2972220	26.8416570177
10223_A63_T1_TUM	21.31	975720	3500603	27.8767425821
10225_A63_S1_TME	22.9	1137342	4632316	24.5554945991
10226_A63_E1_NAT	23.83	708114	4246860	16.6759806335
10258_A34_S1_TME	26.48	672405	4088665	16.4475631419
10265_A64_T1_TUM	21.05	718241	4053508	17.7213937468
10266_A64_S1_TME	23.52	642749	4499363	14.287149592
10299_A59_T1_TUM	27.6	1217534	4310284	28.2507463906
10300_A59_S1_TME	28.87	901324	3746752	24.0592311661
10309_A45_T1_TUM	22.8	589285	2228103	26.4510282184
10310_A45_S1_TME	24.54	467846	3254506	14.3773186448
10319_A76_T1_TUM	22.18	257143	2703492	9.51269553071
10488_A16_T2_TUM	27.91	1527888	4797596	31.8509532951
10491_A47_T2_TUM	26.61	759871	4051514	18.7577126418
10495_A71_T2_TUM	31.17	105968	1429433	7.41418117475
10497_A60_T2_TUM	29.57	281322	1358950	20.7039986576
10502_A51_T1_TUM	31.42	439749	1289149	34.1163893257
10505_A51_S1_TME	25.09	324667	1174849	27.6383141554
10514_A34_T1_TUM	27.16	421390	1320005	31.9274032116
10516_A34_S1_TME	27.91	271020	1245528	21.7622771137
10517_A34_E1_NAT	26.11	301926	1136476	26.5702744801
10541_A10_T1_TUM	25.75	287218	1337505	21.4771494311
10543_A10_S1_TME	26.26	159207	1155506	13.779825042
10544_A10_E1_NAT	29.98	262430	1523550	17.2270394214
10204_A35_E1_NAT	22.44	534993	1460272	36.6397423816
10211_A40_S1_TME	20.75	912948	1691739	53.970389673
10213_A49_T2_TUM	26.3	829136	1867977	44.3905967334
10236_A86_T2_TUM	21.97	827468	1751456	47.249515067
10271_A72_T1_TUM	17.57	364643	1221071	29.8652454911
10307_A20_T1_TUM	18.5	443467	1410268	31.4484377438
10308_A20_S1_TME	19.15	342741	1127200	30.4093458292
10327_A71_T1_TUM	14.9	275951	1119968	24.6419144095
10467_A27_T2_TUM	22.41	630289	1694976	37.1891849154
10485_A18_T2_TUM	25.31	677366	1827410	37.0699784322
10490_A29_T2_TUM	24.55	589589	1919443	30.719520233
10522_A31_T2_TUM	14.4	207095	1046171	19.7974322942
10531_A66_S1_TME	16.01	465602	1186934	39.2306577511
10534_A26_T2_TUM	22.34	375733	1507085	24.9338054657
10542_A10_T2_TUM	22.49	629737	1864833	33.7723426289
10549_A79_T1_TUM	14.85	400906	978028	40.9950743248
10551_A79_S1_TME	14.08	485761	1241752	39.1225629994
10554_A35_T1_TUM	28.63	826272	2222351	37.1839337282
10556_A35_S1_TME	32.34	1379594	2665151	51.7691302891
10599_A94_T1_TUM	40.9	1343972	2681917	50.1168672129
10601_A94_S1_TME	40.15	1825289	3222412	56.6488553622
10602_A94_E1_NAT	36.79	1745286	2709734	64.4136531615
10605_A71_T1_TUM	15.55	228853	1122459	20.390483556
10784_C666_1_CEL	40.39	1298566	2393752	54.254012859
10785_C666_2_CEL	40.88	2416612	4004397	60.3549752023
10180_A05_T1_TUM	20.79	663186	1545738	42.9102734488
10182_A05_S1_TME	28.85	783730	2306552	33.9836830797
10183_A05_E1_NAT	28.51	685641	2251666	30.4548634477
10192_A12_T2_TUM	16.3	308316	1252228	24.6254458787
10198_A28_T2_TUM	27.1	807347	2370022	34.0693855883
10217_A52_T2_TUM	21.77	622584	1655029	37.6231652495
10231_A82_T1_TUM	26.97	956761	2280443	41.9607540437
10233_A82_S1_TME	27.08	821591	2405316	34.1626118218
10234_A82_E1_NAT	28.25	551049	2114439	26.0650480339
10241_A43_S1_TME	34.55	1234078	2895655	42.6248035117
10272_A88_T1_TUM	18.73	269498	1450307	18.584838521
10273_A88_S1_TME	21.72	208613	1584671	13.1663719249
10288_A01_T1_TUM	20.27	496680	1671984	29.7103261149
10289_A01_S1_TME	21.47	426931	1573399	27.1380207274
10297_A13_T1_TUM	15.69	126231	1141852	11.0567170141
10298_A13_S1_TME	20.17	160173	1512879	10.5886552719
10315_A29_T1_TUM	19.91	377007	1915563	19.6841406727
10316_A29_S1_TME	24.84	415182	1818397	22.8355477772
10477_A44_T2_TUM	27.36	477627	2041907	23.3949227659
10478_A50_T2_TUM	25.72	568542	1943024	29.2650912556
10492_A76_T2_TUM	24.12	290660	1620678	17.9374245176
10515_A34_T2_TUM	28.75	856092	2408050	35.5564379102
10521_A31_T1_TUM	18.94	288554	1742011	16.5670723165
10523_A31_S1_TME	19.28	210895	1388884	15.1867568916
10524_A31_E1_NAT	21.12	265524	1292492	20.5467494962
10526_A42_T2_TUM	22.89	593993	1718374	34.5721040574
10545_A57_T1_TUM	26.53	537636	1730264	31.0769380168
10547_A57_S1_TME	28.41	1105570	2072594	53.3500555423
10550_A79_T2_TUM	15.84	295025	1073585	27.4845563856
10603_A13_T1_TUM	15.56	249082	1263724	19.7129348674
10607_A71_T3_TUM	19.02	298219	1254502	23.775921039
10783_C666_3_CEL	32.07	1000260	2625611	38.101731845
10184_A08_T1_TUM	33.28	757588	1446346	52.3828489088
10186_A08_S1_TME	35.07	393106	1209304	32.5088134671
10187_A08_E1_NAT	36.03	758657	1458323	52.0254168887
10232_A82_T2_TUM	19.68	742561	1368266	54.2738715982
10254_A09_T1_TUM	21.75	228546	1161351	19.6805757799
10255_A09_S1_TME	19.52	127400	933850	13.6433829593
10284_A61_T1_TUM	29.69	464960	1507292	30.8492978361
10285_A61_S1_TME	27.03	442996	1392216	31.8213620241
10311_A16_T1_TUM	16.2	323476	992085	32.6077117164
10312_A16_S1_TME	23.71	350404	1250784	28.0164290814
10313_A83_T1_TUM	19.7	356827	1188774	30.0181542251
10314_A83_S1_TME	18.43	231055	829646	27.8518777461
10317_A47_T1_TUM	27.12	784767	2203645	35.6148586646
10320_A76_S1_TME	26.17	344437	1519354	22.6714260138
10329_A73_T1_TUM	26.58	534595	1472323	36.312069359
10469_A09_T2_TUM	20.13	221320	1180820	18.7441297556
10470_A92_T2_TUM	27.19	430400	1433593	30.024080652
10474_A80_T2_TUM	27.07	507695	1553825	32.6759042278
10480_A01_T2_TUM	22.6	361767	1062670	34.045390466
10487_A45_T2_TUM	26.57	415056	1188294	34.9309050513
10503_A51_T2_TUM	38.09	872540	1725068	50.5832312536
10507_A03_T2_TUM	22.21	519238	1410271	36.8203762325
10518_A07_T1_TUM	19.82	450934	1290950	34.9330790308
10520_A07_S1_TME	23.99	559783	1515688	36.934355404
10525_A42_T1_TUM	26.18	586771	1687765	34.768689094
10528_A42_E1_NAT	28.99	499094	1490931	33.4773909188
10530_A66_T2_TUM	21.45	454938	1279029	35.5714888892
10555_A35_T2_TUM	27.41	427622	1368031	31.2603120461
10604_A13_T2_TUM	28.75	624467	1627309	38.3771595591
10868_A35_E1_NAT	34.83	666595	1857505	35.8888395963
10185_A08_T2_TUM	23.78	304552	656026	46.4275206449
10205_A39_T1_TUM	27.08	292437	668727	43.734521374
10207_A39_S1_TME	32.14	134006	809345	16.558874047
10208_A39_E1_NAT	28.29	178070	684585	26.0132790873
10218_A52_S1_TME	17.99	142310	399842	35.594585401
10219_A52_E1_NAT	21.04	218498	543078	40.2361524679
10228_A68_T2_TUM	23.56	393169	774722	50.7540121034
10235_A86_T1_TUM	27.34	270412	702369	38.5030606012
10237_A86_S1_TME	30.47	275028	705515	38.9861237705
10238_A86_E1_NAT	28.54	285842	689024	41.4877666808
10253_A55_S1_TME	25.48	191160	891934	21.4341457289
10267_A90_T1_TUM	24.37	180666	673649	26.8220371066
10268_A90_S1_TME	26.52	137284	1014111	13.5389227758
10282_A50_T1_TUM	20.96	200559	659030	30.434809
10283_A50_S1_TME	22.58	493279	1368966	36.0365948096
10301_A18_T1_TUM	27.26	355648	1038270	34.2575325576
10302_A18_S1_TME	26.48	397931	1278419	31.1300688031
10331_A60_T1_TUM	19.14	165887	433478	38.2731658472
10332_A60_S1_TME	21.37	217501	662000	32.8588089907
10466_A55_E2_NAT	22.27	275009	837768	32.8296044102
10468_A43_T2_TUM	24.79	643495	1252891	51.3655684381
10479_A61_T2_TUM	20.69	145002	514693	28.1750403675
10483_A13_T2_TUM	17	191778	801596	23.9271174747
10496_A73_T2_TUM	15.17	155000	467821	33.1345970085
10509_A03_E1_NAT	21.23	297863	1043249	28.5543237038
10539_A65_S1_TME	21.48	262069	867289	30.2199246776
10546_A57_T2_TUM	21.75	175318	579831	30.2387112353
10606_A71_T2_TUM	20.7	253594	941177	26.9467523401
10194_A17_T1_TUM	27.37	500309	2303055	21.7257197845
10199_A28_S1_TME	29.88	858533	3099230	27.7039607558
10200_A28_E1_NAT	28.36	687232	2843756	24.1684397101
10214_A49_S1_TME	31.55	813766	2638815	30.8413623523
10215_A49_E1_NAT	31.86	389512	2391083	16.2915133241
10227_A68_T1_TUM	28.8	706068	2223855	31.7526017987
10230_A68_E1_NAT	30.36	1044127	2860634	36.5030742408
10256_A92_T1_TUM	26.49	390550	1946402	20.0671869252
10257_A92_S1_TME	26.54	349403	2164124	16.1467166622
10269_A80_T1_TUM	20.35	425624	2027079	20.9986940693
10280_A44_T1_TUM	23.44	399512	2078113	19.2264324465
10305_A02_T1_TUM	22.87	333564	2620655	12.7293369231
10306_A02_S1_TME	25.67	325721	2810367	11.5911894135
10322_A32_S1_TME	23.01	150270	2486097	6.04487617598
10473_A90_T2_TUM	22.95	581864	2698434	21.5650150008
10475_A72_T2_TUM	21.08	400204	1954252	20.4804202078
10481_A81_T2_TUM	21.9	330867	1875576	17.6422128709
10484_A59_T2_TUM	27.85	692351	2463000	28.1126828276
10489_A83_T1_TUM	20.71	216319	1702880	12.7042007686
10500_A67_S1_TME	28.12	668701	2460292	27.1820503617
10501_A67_E1_NAT	27.39	698991	2434717	28.7117618281
10504_A51_T3_TUM	29.9	696619	2725630	25.5605106385
10536_A26_E1_NAT	22.75	685196	2422655	28.2848981209
10553_A02_T2_TUM	22.04	396151	2390189	16.57556371
10558_A93_T2_TUM	23.67	200387	1230145	16.2911756911
11222_H01_E1_PIR	28.72	1228804	1869142	65.7446677599
11224_H01_E1_TONLP	26.18	903695	1680540	53.7766124891
11227_H01_E1_BOT	26.83	951904	1652096	57.62060992
11228_H02_E1_PIR	28.42	919391	1585688	57.9831333903
11229_H02_E1_BOT	31.53	1164252	1775191	65.5873756983
11230_H02_E1_TONLR	26.42	832750	1755458	47.4394111418
11231_H02_E1_TONLP	28.1	1110812	2250028	49.371506797
11232_H02_E1_PNS	20.19	449619	1413729	31.8052688691
11234_H03_E1_PAL	32.13	1422196	2429680	58.5366536301
11236_H03_E1_TONLP	27.82	863622	1568416	55.0657826781
11237_H03_E1_PNS	33.05	666039	1676255	39.7355295971
11238_H03_E1_PIR	32.68	1459127	2242156	65.0793997695
11239_H03_E1_BOT	31.92	1334353	2300358	58.0092946823
11240_H04_E1_PNS	34.21	1248217	2909787	42.8992441697
11241_H04_E1_PIR	29.13	1735004	3336536	52.0025896331
11242_H04_E1_BOT	33.44	1149448	1974724	58.210067075
11243_H04_E1_TONLR	28.75	1115530	2332426	47.8294256893
11245_H05_E1_TONLR	29.4	864475	2075344	41.6565273016
11246_H05_E1_TONLP	35.46	1420102	2663489	53.3197014912
11247_H05_E1_BOT	30.97	1131034	2061753	54.8603552477
11248_H05_E1_PNS	38.74	1389991	3258535	42.658605877
11249_H05_E1_PIR	36.43	1543771	2518634	61.2971187272
11250_H05_E2_PNS	35.62	1081620	2581438	41.9023046616
11235_C666_4_CEL	34.42	1265573	2373516	53.3230050109
